Classification Report:
              precision    recall  f1-score   support

           1     0.7978    0.5772    0.6698       123
           2     0.9684    0.6479    0.7764       142
           3     0.4202    0.4016    0.4107       249
           4     0.2688    0.4864    0.3463       220
           5     0.7655    0.6018    0.6738       781
           6     0.8922    0.7241    0.7994      1486
           7     0.5370    0.7840    0.6374       611
           8     0.8385    0.8362    0.8373       354
           9     0.3056    0.8800    0.4536        25
          10     0.2711    0.5172    0.3557        87
          11     0.7812    0.5535    0.6479       271
          12     0.3810    0.6400    0.4776        50

    accuracy                         0.6683      4399
   macro avg     0.6023    0.6375    0.5905      4399
weighted avg     0.7297    0.6683    0.6849      4399